{"labels": ["Open", "High", "Low", "Close", "Volume", "MA_14", "RSI", "MACD", "Daily_Return"], "matrix": [[1.0, 0.9997, 0.9996, 0.9994, 0.6973, 0.998, -0.0515, 0.1204, -0.0382], [0.9997, 1.0, 0.9994, 0.9997, 0.7026, 0.9979, -0.0475, 0.1213, -0.026], [0.9996, 0.9994, 1.0, 0.9997, 0.6884, 0.9974, -0.045, 0.123, -0.0249], [0.9994, 0.9997, 0.9997, 1.0, 0.6963, 0.9975, -0.0425, 0.1236, -0.0149], [0.6973, 0.7026, 0.6884, 0.6963, 1.0, 0.6968, -0.02, 0.1443, -0.0249], [0.998, 0.9979, 0.9974, 0.9975, 0.6968, 1.0, -0.0863, 0.0806, -0.0366], [-0.0515, -0.0475, -0.045, -0.0425, -0.02, -0.0863, 1.0, 0.5892, 0.3433], [0.1204, 0.1213, 0.123, 0.1236, 0.1443, 0.0806, 0.5892, 1.0, 0.0579], [-0.0382, -0.026, -0.0249, -0.0149, -0.0249, -0.0366, 0.3433, 0.0579, 1.0]]}