{"labels": ["Open", "High", "Low", "Close", "Volume", "MA_14", "RSI", "MACD", "Daily_Return"], "matrix": [[1.0, 0.9997, 0.9996, 0.9994, 0.6974, 0.998, -0.0517, 0.12, -0.0381], [0.9997, 1.0, 0.9994, 0.9997, 0.7027, 0.9979, -0.0478, 0.1209, -0.0258], [0.9996, 0.9994, 1.0, 0.9997, 0.6885, 0.9974, -0.0453, 0.1226, -0.0247], [0.9994, 0.9997, 0.9997, 1.0, 0.6963, 0.9975, -0.0428, 0.1232, -0.0148], [0.6974, 0.7027, 0.6885, 0.6963, 1.0, 0.6969, -0.0203, 0.1438, -0.0248], [0.998, 0.9979, 0.9974, 0.9975, 0.6969, 1.0, -0.0866, 0.0802, -0.0364], [-0.0517, -0.0478, -0.0453, -0.0428, -0.0203, -0.0866, 1.0, 0.5894, 0.343], [0.12, 0.1209, 0.1226, 0.1232, 0.1438, 0.0802, 0.5894, 1.0, 0.0576], [-0.0381, -0.0258, -0.0247, -0.0148, -0.0248, -0.0364, 0.343, 0.0576, 1.0]]}